translation:
  x: -0.003372
  y: 0.054697
  z: -0.026311
rotation:
  x: -0.000863
  y: -0.006322
  z: -0.999803
  w: 0.018770
euler:
  roll: -3.104063
  pitch: -0.001962
  yaw: 0.012610